A0 [m2] 
-9999.000000	
qtrue, [m2/s] 
0 
ntrue [-] 
NaN 
Qtrue [m3/s] 
125.443630	96.843615	170.750585	80.419844	58.049536	69.376274	120.629766	141.017896	65.411916	51.819829	94.578268	210.960507	80.986181	116.382239	236.162501	233.897153	
dA, m2 
-9999.000000	-9999.000000	-9999.000000	-9999.000000	-9999.000000	-9999.000000	-9999.000000	-9999.000000	-9999.000000	-9999.000000	-9999.000000	-9999.000000	-9999.000000	-9999.000000	-9999.000000	-9999.000000	
h,m 
351.492440	351.557777	351.416730	351.219431	350.884836	351.233554	351.448188	351.600128	351.294546	351.456572	351.309416	351.896215	350.446930	351.883571	351.965555	352.068714	
W,m 
155.497642	158.242564	138.164553	113.923934	91.040988	115.947829	142.118043	150.236675	110.411373	103.473542	121.288453	169.798841	92.107452	147.384476	213.641442	177.926401	
